-7358
6053
-4005
2327
3259
-1119
-4378
7078
4469
1862
557
-2795
-3540
-839
-1863
-9500
-5402
6705
-932
-5217
-8849
-8569
930
-4285
-5124
1209
7915
1582
-7638
465
2979
4190
4562
-5030
3445
-8104
6332
-4564
6612
2793
2141
-6613
4376
-7452
-9408
-8383
8940
-3353
-2143
-94
-1677
-5868
-2236
-6334
2607
5773
-3820
-9873
-5216
7263
-4751
-3167
-9594
8288
3632
-9035
-8476
-4844
9871
-2888
6984
3538
8753
-3726
6891
4004
1210
-7451
-6427
837
5587
-3075
9312
3166
-7731
9685
-560
8101
5307
6239
7729
-7079
6052
-188
-5775
-6241
1583
5867
3631
-7544
-6799
-8103
9778
-9780
-1492
-2702
-3261
8194
-373
-4658
-4937
7822
-7359
6518
5960
8009
5494
-9128
3910
-2050
8474
-3074
-9407
3818
-7265
-9314
-7824
8661
-3913
4749
-8196
3817
7916
-9221
5028
-5403
-466
2048
8195
7449
8381
5122
-9501
7635
-8290
-8848
9313
2234
9126
-9779
4284
-6520
-3447
5215
-8755
9220
-2329
5214
-5682
-7545
6611
1955
1396
3073
-8942
-6706
9965
-6240
2980
651
-1305
-6054
-1
-7172
-9686
-7637
9592
-4657
1489
-653
8102
-6428
-3354
5400
6797
9219
-5961
1769
92
558
-7917
4935
-1491
8847
-1398
2513
-1770
-746
1023
-3633
8567
-2422
7356
-6985
-6147
-5962
-1025
3724
1116
-6707
-1211
4563
-7266
-4192
-1304
3352
6146
8380
3165
2420
9033
-7173
-281
9591
4283
-4565
-5496
9964
7543
-3446
-2981
-467
-933
-3912
-8941
-6800
-1026
7171
1117
-5589
-5869
5308
4842
7264
9498
4748
-9034
-7918
9405
-8756
-1864
-4471
-8663
-2516
-8011
-4099
7636
4377
6798
6704
-6893
9777
-6986
-5123
3072
3911
4656
1676
-3727
-3260
2700
4841
3725
744
-9966
7077
5029
6426
-8010
1768
-374
-4006
-2889
2047
278
372
8754
4655
-9222
5121
-2423
-1212
1861
-6148
-8570
-1771
8846
185
-6614
8287
7450
371
-4472
2699
-1584
2235
-559
-2330
464
2328
-8197
3258
-1585
1675
-8662
5401
2606
3351
1954
7170
5680
2886
-6055
-2144
-6892
-9687
6145
279
-3168
2514
-9593
8660
-2049
6519
-280
6425
-5309
7542
6238
-2794
4097
1024
745
2887
-2609
-5310
-7730
4003
9406
-1957
-2608
-1956
-187
1303
9032
5774
5959
5866
-4750
-7080
-5683
-5776
931
-7825
186
93
7357
-6521
4470
-3541
-5495
-1118
9499
838
-4843
5586
2792
-9967
8939
8568
5493
6890
1302
-1678
650
5681
-2701
7823
2421
-2515
-4379
-9315
-840
-8477
1490
-9874
3444
8008
2142
-5031
-3819
-4098
4096
-8289
-2237
-747
6983
9684
-4286
9872
-2982
-4938
-9127
-3634
-652
-95
4189
-5588
-8382
7728
-4191
9125
-1397
3539
8475
1395
4936
